# ---------------------------------------------------------- 
#            INITIAL VALUES PER AGE GROUP                    
# ---------------------------------------------------------- 

POPULATION_S   	477440         	447749         	454765         	496947         	544960         	583152         	651801         	637808         	597242         	648037         	821876         	803526         	678421         	560550         	459017         	1136704       	
EXPOSED_E      	0.08334303544167593	0.07816010551268213	0.07938483477009414	0.08674822267433505	0.09512948348336066	0.10179636771926147	0.11377989662349154	0.11133724603926029	0.10425595084881328	0.11312284404012511	0.143468583689391	0.1402653650643182	0.11842674565888325	0.09785091009725083	0.080127073767032	0.19842569068091234	
ASYMPTOMATIC_A 	0.0            	0.0            	0.0            	0.0            	0.0            	0.0            	0.0            	0.0            	0.0            	0.0            	0.0            	0.0            	0.0            	1.0            	0.0            	0.0           	
INFECTED_I     	0.0            	0.0            	0.0            	0.0            	0.0            	0.0            	0.0            	0.0            	0.0            	0.0            	0.0            	0.0            	0.0            	1.0            	0.0            	0.0           	
RECOVERED_R    	0.0            	0.0            	0.0            	0.0            	0.0            	0.0            	0.0            	0.0            	0.0            	0.0            	0.0            	0.0            	0.0            	0.0            	0.0            	0.0           	
RECOVERED_SYMPTOMATIC_Ri	0.0            	0.0            	0.0            	0.0            	0.0            	0.0            	0.0            	0.0            	0.0            	0.0            	0.0            	0.0            	0.0            	0.0            	0.0            	0.0           	


# ---------------------------------------------------------- 
#               PARAMETERS (fixed in time)                   
# ---------------------------------------------------------- 

LAMBDA         	0              	0              	0              	0              	0              	0              	0              	0              	0              	0              	0              	0              	0              	0              	0              	0             	
MORT_EQ        	0.0            	0.0            	0.0            	0.0            	0.0            	0.0            	0.0            	0.0            	0.0            	0.0            	0.0            	0.0            	0.0            	0.0            	0.0            	0.0           	
MORT_COV       	0.029184348754444922	0.029184348754444922	0.0012113666020269484	0.0012113666020269484	0.005385788201817655	0.005385788201817655	0.004460386134174442	0.004460386134174442	0.006866905589281159	0.006866905589281159	0.013217549254730492	0.013217549254730492	0.029648275132160607	0.029648275132160607	0.02586107922754126	0.047130004199724726	
THETA          	0.0            	0.0            	0.0            	0.0            	0.0            	0.0            	0.0            	0.0            	0.0            	0.0            	0.0            	0.0            	0.0            	0.0            	0.0            	0.0           	
ALPHA          	0.75           	0.75           	0.75           	0.75           	0.75           	0.75           	0.75           	0.75           	0.75           	0.75           	0.75           	0.75           	0.75           	0.75           	0.75           	0.75          	
KSI            	0.5            	0.5            	0.5            	0.5            	0.5            	0.5            	0.5            	0.5            	0.5            	0.5            	0.5            	0.5            	0.5            	0.5            	0.5            	0.5           	
RHO            	0.032          	0.03238845     	0.02962776     	0.02995633     	0.03358307     	0.05299146     	0.09793462     	0.15794046     	0.21987609     	0.26417767     	0.30171269     	0.35867505     	0.47089833     	0.59434039     	0.6360768      	0.64549604    	
PHI            	0.0001         	0.0001         	0.0104         	0.0104         	0.0104         	0.0104         	0.0343         	0.0343         	0.0425         	0.0425         	0.0816         	0.0816         	0.118          	0.118          	0.3            	0.3           	
ETA            	3.333e-05      	3.333e-05      	0.0034663199999999997	0.0034663199999999997	0.0034663199999999997	0.0034663199999999997	0.011432189999999998	0.011432189999999998	0.01416525     	0.01416525     	0.02719728     	0.02719728     	0.039329399999999994	0.039329399999999994	0.09999        	0.09999       	
A              	0.1331221002498184	0.1331221002498184	0.1331221002498184	0.1331221002498184	0.1331221002498184	0.1331221002498184	0.1331221002498184	0.1331221002498184	0.1331221002498184	0.1331221002498184	0.1331221002498184	0.1331221002498184	0.1331221002498184	0.1331221002498184	0.1331221002498184	0.1331221002498184	
GAMA_H         	1.8128737565958416e-05	1.8128737565958416e-05	0.001905012295865995	0.001905012295865995	0.001905012295865995	0.001905012295865995	0.006438371305193355	0.006438371305193355	0.008045893466512556	0.008045893466512556	0.016105804169029493	0.016105804169029493	0.024251441198183836	0.024251441198183836	0.07768682010943637	0.07768682010943637	
GAMA_HR        	0.11750309741540454	0.11750309741540454	0.11750309741540454	0.11750309741540454	0.11750309741540454	0.11750309741540454	0.11750309741540454	0.11750309741540454	0.11750309741540454	0.11750309741540454	0.11750309741540454	0.11750309741540454	0.11750309741540454	0.11750309741540454	0.11750309741540454	0.11750309741540454	
GAMA_RI        	0.18126924692201818	0.18126924692201818	0.18126924692201818	0.18126924692201818	0.18126924692201818	0.18126924692201818	0.18126924692201818	0.18126924692201818	0.18126924692201818	0.18126924692201818	0.18126924692201818	0.18126924692201818	0.18126924692201818	0.18126924692201818	0.18126924692201818	0.18126924692201818	
GAMA_RA        	0.18126924692201818	0.18126924692201818	0.18126924692201818	0.18126924692201818	0.18126924692201818	0.18126924692201818	0.18126924692201818	0.18126924692201818	0.18126924692201818	0.18126924692201818	0.18126924692201818	0.18126924692201818	0.18126924692201818	0.18126924692201818	0.18126924692201818	0.18126924692201818	
GAMA_RQI       	0.18126924692201818	0.18126924692201818	0.18126924692201818	0.18126924692201818	0.18126924692201818	0.18126924692201818	0.18126924692201818	0.18126924692201818	0.18126924692201818	0.18126924692201818	0.18126924692201818	0.18126924692201818	0.18126924692201818	0.18126924692201818	0.18126924692201818	0.18126924692201818	
GAMA_RQA       	0.18126924692201818	0.18126924692201818	0.18126924692201818	0.18126924692201818	0.18126924692201818	0.18126924692201818	0.18126924692201818	0.18126924692201818	0.18126924692201818	0.18126924692201818	0.18126924692201818	0.18126924692201818	0.18126924692201818	0.18126924692201818	0.18126924692201818	0.18126924692201818	
GAMA_HQI       	1.8128737565958416e-05	1.8128737565958416e-05	0.001905012295865995	0.001905012295865995	0.001905012295865995	0.001905012295865995	0.006438371305193355	0.006438371305193355	0.008045893466512556	0.008045893466512556	0.016105804169029493	0.016105804169029493	0.024251441198183836	0.024251441198183836	0.07768682010943637	0.07768682010943637	
TC             	1.61e-05       	1.61e-05       	6.95e-05       	6.95e-05       	0.000309       	0.000309       	0.000844       	0.000844       	0.00161        	0.00161        	0.00595        	0.00595        	0.0193         	0.0193         	0.0428         	0.078         	
TLC            	0.16099999999999998	0.16099999999999998	0.006682692307692308	0.006682692307692308	0.02971153846153846	0.02971153846153846	0.0246064139941691	0.0246064139941691	0.03788235294117647	0.03788235294117647	0.07291666666666667	0.07291666666666667	0.16355932203389834	0.16355932203389834	0.14266666666666666	0.26          	

# ---------------------------------------------------------- 
DAY 0.0 
GAMA 		0.18126924692201818 0.18126924692201818 0.18126924692201818 0.18126924692201818 0.18126924692201818 0.18126924692201818 0.18126924692201818 0.18126924692201818 0.18126924692201818 0.18126924692201818 0.18126924692201818 0.18126924692201818 0.18126924692201818 0.18126924692201818 0.18126924692201818 0.18126924692201818 
xI 			0.0                0.0                0.0                0.0                0.0                0.0                0.0                0.0                0.0                0.0                0.0                0.0                0.0                0.0                0.0                0.0                
xA 			0.0                0.0                0.0                0.0                0.0                0.0                0.0                0.0                0.0                0.0                0.0                0.0                0.0                0.0                0.0                0.0                
BETA 		0.12112626225352759 0.03549054617185947 0.015430232781067777 0.02333538133288996 0.025834684650513147 0.02663290227188839 0.053420816353837844 0.0401113177597634 0.021916709765919133 0.01558393380760192 0.014773548198007731 0.008840205275354267 0.005252910032516526 0.004344618495417549 0.008570764013459685 0.00397344965348028 
     	    0.022636796380072304 0.10302589705590581 0.030549426007705445 0.017616411736682065 0.005601257017002291 0.017644016338350704 0.03178220788116342 0.032940865258613804 0.03460348709954741 0.014506792744723948 0.008673083889917586 0.005895465896813527 0.008505387548028388 0.007114559520212771 0.0028511415880198123 0.002068081485378102 
     	    0.0029004978063914937 0.027684755964147264 0.1742626128390299 0.041306677286186394 0.008259943895615029 0.006131472322356817 0.013978712268197132 0.035767599876202115 0.059574945459567014 0.021849718554209068 0.014729716832622758 0.005075581554187769 0.004368929512871897 0.005802924079971757 0.004010435476851779 0.0013978673128241552 
     	    0.00414040272932431 0.01585046013407209 0.15826809208327217 0.5089343594409442 0.15860329103710227 0.03850673745771679 0.024408519572276074 0.07385149546152621 0.08881490895523965 0.0618014357706429 0.046783070921701336 0.02060195015158876 0.006478316991096029 0.005538701761000197 0.0040490715882003665 0.002425420603760063 
     	    0.012076895882572351 0.005743615155903852 0.020908328232084324 0.2601953106918685 0.5176521288295226 0.15998001084574437 0.09328889697618879 0.10707466620502415 0.10057632477297511 0.13079950442338886 0.0721483742186134 0.04262551853262937 0.009190540942889297 0.005351466429584589 0.006884622411131552 0.0064212102529575665 
     	    0.07055029429922405 0.03121854944968803 0.023788254603623087 0.06692489767445049 0.35946400568756187 0.4691004495197721 0.2724159344570647 0.19772976043563623 0.13900215512621367 0.22579326629570623 0.14848557881927119 0.09712357613584588 0.023883204216425504 0.01394054221364864 0.004943633404123422 0.004857057303414464 
     	    0.15581169559598484 0.09953070121559951 0.03714051704041705 0.04753620813508694 0.18810646022826952 0.4014532319408524 0.6698275689786869 0.5017250068993917 0.4741614911041279 0.16751351840544418 0.2468047515550069 0.08111728728643144 0.06408386393342425 0.03357232043640625 0.012743129182256781 0.0008802296777669327 
     	    0.08479882670074355 0.20272680508416124 0.29087232319786416 0.35377146110327956 0.1531626040998684 0.17569913202843798 0.32934897638835336 0.8483895351796318 0.5730624940915416 0.29484914816510005 0.22237208857018695 0.15109557193925527 0.06187991508677485 0.0634599389454985 0.028847740479430586 0.006997422091336248 
     	    0.048905867817580384 0.18138901766553803 0.475697844321958  0.9141896324813144 0.4345155683002706 0.24476467016875386 0.24051963044719954 0.5662225148083682 0.891183946984253  0.6746987574154534 0.2944386871266654 0.08460214344622463 0.11779315316002731 0.06134421276098432 0.039466050671660695 0.02444658801136955 
     	    0.0287350401677073 0.025631928329607413 0.2780228655832996 1.2092291045872265 0.31771703300602494 0.3395272236901766 0.3938831886215628 0.5849039954836973 0.6956806746283719 0.8384639461673877 0.39800524324749903 0.1609051871837169 0.0683218512977544 0.05775013554146012 0.062448749084128584 0.01173781325318656 
     	    0.12689954972621753 0.1580830248775001 0.0908033544299562 0.47759660093541506 0.3511656766921172 0.3720196771480057 0.27542138919440917 0.3136870932697188 0.5334361106845873 0.6829764850959121 0.7478933861673766 0.3729841456832996 0.09077935162265081 0.05043140501597387 0.015635307687893354 0.023060827043941197 
     	    1.4586499121187644e-15 0.0177345368974781 0.01950540587908008 0.08928437700598524 0.1452863179161555 0.2588288689653993 0.2982344024237529 0.24090353155781424 0.368401028522152  0.37401476872955164 0.41740708623130346 0.5836431005136689 0.21510636738837927 0.10874022387126878 0.053906351260414806 0.024102179018175473 
     	    0.05544749983452997 0.1648012471131811 0.000667113347876641 0.09959244532796795 0.11653447176545921 0.2550519434742226 0.20180565831024808 0.27605960799870294 0.2510966485169964 0.273270078355982  0.22630633988805304 0.44960645528433263 0.743348371029169  0.274590064619239  0.05088565335046625 0.02109967028714839 
     	    0.015053883944326767 0.07904128241694995 0.07331721947978335 0.057151727740665174 0.0942250104442412 0.1426381410949017 0.2801382989143067 0.2927154493163893 0.5919392297969132 0.19731867175372006 0.3163287846198194 0.36036656027209224 0.6686324911469684 1.329452895806698  0.3861429714224888 0.03723814948694264 
     	    6.519763371853634e-17 0.076959374701069  0.02822743823553322 0.29565466298788035 0.07921717086508093 0.29621352897048103 0.5097965612739777 1.0231929555580777 0.40627897444424793 0.6852655561485772 0.3330941132440225 0.4607297626990948 1.0520000529956954 1.3118343991283639 2.0211017951551393 0.3773639507944637 
     	    0.0803775064970833 0.09162493927069534 0.015855944569771626 0.010609667000354999 0.0220860487966469 0.07687885209670135 0.24147613310456212 0.1186206931247344 0.14786539314400762 0.10043807332409459 0.2574020045790133 0.10082749975935706 0.12007598844953277 0.13882186219831857 0.11907949181924128 0.21524973780889295 
     	    
