# ---------------------------------------------------------- 
#            INITIAL VALUES PER AGE GROUP                    
# ---------------------------------------------------------- 

POPULATION_S   	595751         	616527         	642653         	645787         	681809         	721532         	689937         	646579         	612388         	611942         	634113         	659177         	620839         	529240         	418119         	673599        	
EXPOSED_E      	0.15699408769726317	0.16246904143800106	0.16935384320111802	0.17017972426693784	0.17967234958696388	0.1901402735108824	0.1818142644890007	0.1703884344788489	0.16137831976236983	0.16126078850667244	0.16710335682520824	0.17370829716780808	0.1636053525917391	0.13946690978764545	0.11018397107833973	0.17750882579935034	
ASYMPTOMATIC_A 	0.0            	0.0            	0.0            	0.0            	0.0            	0.0            	0.0            	0.0            	0.0            	0.0            	0.0            	0.0            	0.0            	1.0            	0.0            	0.0           	
INFECTED_I     	0.0            	0.0            	0.0            	0.0            	0.0            	0.0            	0.0            	0.0            	0.0            	0.0            	0.0            	0.0            	0.0            	1.0            	0.0            	0.0           	
RECOVERED_R    	0.0            	0.0            	0.0            	0.0            	0.0            	0.0            	0.0            	0.0            	0.0            	0.0            	0.0            	0.0            	0.0            	0.0            	0.0            	0.0           	
RECOVERED_SYMPTOMATIC_Ri	0.0            	0.0            	0.0            	0.0            	0.0            	0.0            	0.0            	0.0            	0.0            	0.0            	0.0            	0.0            	0.0            	0.0            	0.0            	0.0           	


# ---------------------------------------------------------- 
#               PARAMETERS (fixed in time)                   
# ---------------------------------------------------------- 

LAMBDA         	0              	0              	0              	0              	0              	0              	0              	0              	0              	0              	0              	0              	0              	0              	0              	0             	
MORT_EQ        	0.0            	0.0            	0.0            	0.0            	0.0            	0.0            	0.0            	0.0            	0.0            	0.0            	0.0            	0.0            	0.0            	0.0            	0.0            	0.0           	
MORT_COV       	0.029184348754444922	0.029184348754444922	0.0012113666020269484	0.0012113666020269484	0.005385788201817655	0.005385788201817655	0.004460386134174442	0.004460386134174442	0.006866905589281159	0.006866905589281159	0.013217549254730492	0.013217549254730492	0.029648275132160607	0.029648275132160607	0.02586107922754126	0.047130004199724726	
THETA          	0.0            	0.0            	0.0            	0.0            	0.0            	0.0            	0.0            	0.0            	0.0            	0.0            	0.0            	0.0            	0.0            	0.0            	0.0            	0.0           	
ALPHA          	0.75           	0.75           	0.75           	0.75           	0.75           	0.75           	0.75           	0.75           	0.75           	0.75           	0.75           	0.75           	0.75           	0.75           	0.75           	0.75          	
KSI            	0.5            	0.5            	0.5            	0.5            	0.5            	0.5            	0.5            	0.5            	0.5            	0.5            	0.5            	0.5            	0.5            	0.5            	0.5            	0.5           	
RHO            	0.032          	0.03238845     	0.02962776     	0.02995633     	0.03358307     	0.05299146     	0.09793462     	0.15794046     	0.21987609     	0.26417767     	0.30171269     	0.35867505     	0.47089833     	0.59434039     	0.6360768      	0.64549604    	
PHI            	0.0001         	0.0001         	0.0104         	0.0104         	0.0104         	0.0104         	0.0343         	0.0343         	0.0425         	0.0425         	0.0816         	0.0816         	0.118          	0.118          	0.3            	0.3           	
ETA            	3.333e-05      	3.333e-05      	0.0034663199999999997	0.0034663199999999997	0.0034663199999999997	0.0034663199999999997	0.011432189999999998	0.011432189999999998	0.01416525     	0.01416525     	0.02719728     	0.02719728     	0.039329399999999994	0.039329399999999994	0.09999        	0.09999       	
A              	0.1331221002498184	0.1331221002498184	0.1331221002498184	0.1331221002498184	0.1331221002498184	0.1331221002498184	0.1331221002498184	0.1331221002498184	0.1331221002498184	0.1331221002498184	0.1331221002498184	0.1331221002498184	0.1331221002498184	0.1331221002498184	0.1331221002498184	0.1331221002498184	
GAMA_H         	1.8128737565958416e-05	1.8128737565958416e-05	0.001905012295865995	0.001905012295865995	0.001905012295865995	0.001905012295865995	0.006438371305193355	0.006438371305193355	0.008045893466512556	0.008045893466512556	0.016105804169029493	0.016105804169029493	0.024251441198183836	0.024251441198183836	0.07768682010943637	0.07768682010943637	
GAMA_HR        	0.11750309741540454	0.11750309741540454	0.11750309741540454	0.11750309741540454	0.11750309741540454	0.11750309741540454	0.11750309741540454	0.11750309741540454	0.11750309741540454	0.11750309741540454	0.11750309741540454	0.11750309741540454	0.11750309741540454	0.11750309741540454	0.11750309741540454	0.11750309741540454	
GAMA_RI        	0.18126924692201818	0.18126924692201818	0.18126924692201818	0.18126924692201818	0.18126924692201818	0.18126924692201818	0.18126924692201818	0.18126924692201818	0.18126924692201818	0.18126924692201818	0.18126924692201818	0.18126924692201818	0.18126924692201818	0.18126924692201818	0.18126924692201818	0.18126924692201818	
GAMA_RA        	0.18126924692201818	0.18126924692201818	0.18126924692201818	0.18126924692201818	0.18126924692201818	0.18126924692201818	0.18126924692201818	0.18126924692201818	0.18126924692201818	0.18126924692201818	0.18126924692201818	0.18126924692201818	0.18126924692201818	0.18126924692201818	0.18126924692201818	0.18126924692201818	
GAMA_RQI       	0.18126924692201818	0.18126924692201818	0.18126924692201818	0.18126924692201818	0.18126924692201818	0.18126924692201818	0.18126924692201818	0.18126924692201818	0.18126924692201818	0.18126924692201818	0.18126924692201818	0.18126924692201818	0.18126924692201818	0.18126924692201818	0.18126924692201818	0.18126924692201818	
GAMA_RQA       	0.18126924692201818	0.18126924692201818	0.18126924692201818	0.18126924692201818	0.18126924692201818	0.18126924692201818	0.18126924692201818	0.18126924692201818	0.18126924692201818	0.18126924692201818	0.18126924692201818	0.18126924692201818	0.18126924692201818	0.18126924692201818	0.18126924692201818	0.18126924692201818	
GAMA_HQI       	1.8128737565958416e-05	1.8128737565958416e-05	0.001905012295865995	0.001905012295865995	0.001905012295865995	0.001905012295865995	0.006438371305193355	0.006438371305193355	0.008045893466512556	0.008045893466512556	0.016105804169029493	0.016105804169029493	0.024251441198183836	0.024251441198183836	0.07768682010943637	0.07768682010943637	
TC             	1.61e-05       	1.61e-05       	6.95e-05       	6.95e-05       	0.000309       	0.000309       	0.000844       	0.000844       	0.00161        	0.00161        	0.00595        	0.00595        	0.0193         	0.0193         	0.0428         	0.078         	
TLC            	0.16099999999999998	0.16099999999999998	0.006682692307692308	0.006682692307692308	0.02971153846153846	0.02971153846153846	0.0246064139941691	0.0246064139941691	0.03788235294117647	0.03788235294117647	0.07291666666666667	0.07291666666666667	0.16355932203389834	0.16355932203389834	0.14266666666666666	0.26          	

# ---------------------------------------------------------- 
DAY 0.0 
GAMA 		0.18126924692201818 0.18126924692201818 0.18126924692201818 0.18126924692201818 0.18126924692201818 0.18126924692201818 0.18126924692201818 0.18126924692201818 0.18126924692201818 0.18126924692201818 0.18126924692201818 0.18126924692201818 0.18126924692201818 0.18126924692201818 0.18126924692201818 0.18126924692201818 
xI 			0.0                0.0                0.0                0.0                0.0                0.0                0.0                0.0                0.0                0.0                0.0                0.0                0.0                0.0                0.0                0.0                
xA 			0.0                0.0                0.0                0.0                0.0                0.0                0.0                0.0                0.0                0.0                0.0                0.0                0.0                0.0                0.0                0.0                
BETA 		0.11034031920025905 0.04676870794757969 0.021208041285910507 0.013419593120961724 0.01749488408767686 0.030383584768380767 0.04490350199552818 0.04199235162038439 0.021127023815881954 0.013691082745499026 0.014310556986680066 0.011295476847311027 0.007372288551523318 0.005773744957753043 0.0031377618179222713 0.0016499680997988334 
     	    0.043065068885070446 0.23438190559540625 0.053265371830843684 0.015101222771682804 0.008437427695660665 0.0221605201095233 0.038846739417051  0.0465138167107159 0.03682132394454446 0.015133212127103807 0.010515235570172981 0.008594460914267089 0.007419372125981476 0.005277349852077006 0.0022285637815753837 0.0016972293051669704 
     	    0.01546367178773862 0.09581972110584562 0.4202479331176234 0.0493816320207277 0.017620277253871254 0.015274411973646705 0.027282495703580645 0.044124045479384824 0.053157399192336585 0.028653859550161247 0.016205093458884646 0.008435372789598458 0.005303611688155895 0.005016654614761973 0.0032052264127791883 0.0026622177620120348 
     	    0.01579328578463635 0.03931585530848074 0.2789371892581028 1.0098956866705135 0.14547523876540464 0.07128749084541322 0.05790696914762632 0.08112761501227676 0.10232865955419117 0.09176213095041456 0.04853855338555998 0.02153889261263408 0.008644819738429796 0.006170922355073425 0.003021320985634239 0.0019432694955419585 
     	    0.03752136933372511 0.030630675216170224 0.047138290084567214 0.3780438048810212 0.6082601009435792 0.2489738607917081 0.16373448245666564 0.1486823447485241 0.13074309966238482 0.15418778137825798 0.10544416454093636 0.05899169640115432 0.017321901466495437 0.007556689038912494 0.0071193885236602574 0.005723337808703059 
     	    0.12554600138333052 0.07440798227800932 0.04547000128332801 0.19109877730118438 0.4384286089964778 0.7395447412409089 0.3745106004194039 0.28875274176476445 0.2444324125157176 0.2063165049565851 0.19615901053441295 0.10788820449859825 0.03514512638900104 0.012012875214109906 0.005834658739962848 0.004036718446077325 
     	    0.21580942846264103 0.29122449052675786 0.2220435813136403 0.16083036833447387 0.31250163213782145 0.5195406671318972 0.8570915249367366 0.5338731246263018 0.41410310537703154 0.3228288719327154 0.25134575863030895 0.1707877123035264 0.06768352523861573 0.027729220821411715 0.012622172991277165 0.011769825521842676 
     	    0.2934167514828978 0.4738634321272212 0.3956918088034663 0.3321500654865962 0.3103328952831834 0.5581926811659274 0.685419137082672  1.2119596489949624 0.79805975855649   0.5173342533615081 0.3759695675849836 0.20432468430111586 0.11060852631158755 0.06416338189896229 0.032598282284522793 0.01300894693072232 
     	    0.18978983765381613 0.4097117334640258 0.5582564855379617 0.6464534488119611 0.4785120704816359 0.6220710348643415 0.797241450667481  0.916497764562141  1.3910785381406277 0.8080526046769707 0.5744591137290151 0.2167792896036003 0.117837211729698  0.06477182199217907 0.04083422538955208 0.017805946671276718 
     	    0.23234557740006642 0.35302199785459637 0.47277697656607537 1.0412516482672045 0.5624978593830433 0.5999724418422053 0.7219790734717839 0.8329765841492796 0.8934856638799673 1.2772642980664852 0.6784158154889158 0.31299597358689996 0.11546717118523117 0.05793418123339897 0.046518152952241494 0.04150291107233826 
     	    0.20369285690407543 0.44862951062192097 0.6920075295218117 0.9475914252513097 0.677039702089139  0.8594131001811876 0.7699226700530591 0.7649673923813562 1.0091340738534176 1.1251642312061865 1.2795993675958681 0.5907941882339103 0.2060312688161284 0.08461373441811522 0.05301025026290796 0.04470062779475279 
     	    0.38092568188956766 0.5228611917576622 0.5336815314149177 0.7077791266511622 0.5505367613585567 0.8690159093206562 0.8698404653710614 0.6937267838430456 0.7724570250965127 0.6787614880210444 0.8631994471955482 1.1348726663773834 0.3882758593020676 0.15310139876176515 0.0677462855724534 0.04549942993066156 
     	    0.4286780843022415 0.4166575560670162 0.32546926031409706 0.4880564027321727 0.40672957546518207 0.5972568424289675 0.6870216404104207 0.7447468148818718 0.6076768437408712 0.5261739977514563 0.5284459708347473 0.6865595044676898 1.0238519068248146 0.36159020080514764 0.18024998810988163 0.07230824637024492 
     	    0.4245889435670803 0.6687874947488448 0.5575584361417562 0.36832441575923264 0.42903359646398953 0.5467677806766743 0.7708423402343325 0.8155614836346384 0.8383773203094729 0.5020273298304265 0.54852306337179   0.6800511466953154 0.745983193165071  1.3930494686596526 0.35883617216210817 0.1422263069271475 
     	    0.2165119588818759 0.6544362443324567 0.6457105177297814 0.695714889732164  0.3045820796578841 0.4705554530467013 0.46389672250734576 0.7937317454801832 1.106558749840867  0.8217869039261677 0.6567555107449276 0.55551444603961   0.96901078148251   0.950539749082348  1.3789074147023206 0.4368412212707183 
     	    0.26330718299332745 0.35343070238434665 0.5259754114399877 0.4211996949461976 0.1732627560792548 0.1927822408631503 0.2932327816716278 0.368910680869699  0.43168317672967   0.5398908363839989 0.48095592870572346 0.2775527011241151 0.20820539365164478 0.2990607843346485 0.31379994983305914 0.4964989869622863 
     	    
